beta_acl: 0.95
beta_tenant: 0.95
beta_time: 0.9000000000000002
calibration_eval:
  p99_ratio_1pct_to_50pct: 1.1899336236694973
  recall_gap_50_minus_1: -0.79
  test_a_median_concentration: 0.5473944294699012
  test_b_cluster_spread: 42.775
  trivial: true
k_clusters: 4096
num_acl_buckets: 16
num_tenants: 100
num_time_buckets: 52
seed: 42
